1,0,0,0,0,1,0,0,0,0,1,0,0,0,2,1
1,0,0,0,0,1,0,0,0,0,1,0,0,0,1.55426,1
-0.14489,0,-0.989418,0,-0.0930863,0.995564,0.013635,0,0.985029,0.0940822,-0.144247,0,1.60248,0.165187,-1.45027,1
-0.394062,0,-0.919062,0,-0.153182,0.986012,0.0656825,0,0.906206,0.166673,-0.388549,0,0.625287,0.194767,-1.74234,1
-0.998027,0,-0.0627907,0,-0.0162514,0.965926,0.258308,0,0.0606512,0.258819,-0.96402,0,-1.68657,0.141698,-2.16488,1
0.104528,0,-0.994522,0,-0.0520493,0.99863,-0.00547059,0,0.993159,0.052336,0.104385,0,-0.470263,-0.496167,0.347591,1
0.0523359,0,-0.99863,0,0.0418183,0.999123,0.0021916,0,0.997753,-0.0418756,0.05229,0,-1.34829,-0.677313,0.147417,1
-4.37114e-08,0,-1,0,4.10763e-34,1,5.87995e-36,0,1,-4.1081e-34,-4.37114e-08,0,-2.47212,-0.577712,0.024482,1
-4.37114e-08,0,-1,0,2.8026e-45,1,2.8026e-45,0,1,-2.8026e-45,-4.37114e-08,0,-3.25449,-0.577712,0.024482,1
-4.37114e-08,0,-1,0,2.8026e-45,1,2.8026e-45,0,1,-2.8026e-45,-4.37114e-08,0,-4.01653,-0.577712,0.024482,1
0.127235,0,-0.99142,0,-0.0861429,0.996111,-0.0114593,0,0.987567,0.086929,0.12671,0,-4.73525,-0.407154,0.27485,1
0.838671,0,0.544639,0,0.252329,0.886204,-0.388553,0,-0.482661,0.463296,0.743233,0,-7.58575,0.0576945,1.00088,1
0.954236,0,0.299056,0,0.0482068,0.986875,-0.153817,0,-0.295131,0.161194,0.941711,0,-6.95184,-0.774481,0.801499,1
0.900319,0,0.435231,0,-0.00455765,0.999945,0.00942796,0,-0.435207,-0.0104718,0.90027,0,-6.93784,-1.14413,0.0208582,1
0.518028,0,0.855364,0,-0.0447663,0.99863,0.0271115,0,-0.854192,-0.052336,0.517318,0,-7.37763,-1.19919,-1.23322,1
-0.707106,0,0.707108,0,-0.0443997,0.998027,-0.0443996,0,-0.705713,-0.0627905,-0.705711,0,-6.19518,-1.16498,-3.70648,1
-0.0738586,0,0.997263,0,-0.12499,0.992115,-0.00925694,0,-0.9894,-0.125333,-0.0732762,0,-6.14027,-1.21088,-2.11337,1
-0.0627901,0,0.998027,0,-0.135448,0.990748,-0.00852159,0,-0.988793,-0.135716,-0.0622092,0,-5.42025,-1.13667,-2.04303,1
0.010472,0,0.999945,0,-9.41292e-07,1,8.60991e-09,0,-0.999945,-9.41341e-07,0.010472,0,-4.56934,-0.768586,-1.85515,1
-0.683218,0,0.730191,0,0.0534779,0.997315,0.0500376,0,-0.72823,0.0732382,-0.681383,0,-3.27868,-0.657073,-3.05126,1
-0.518044,0,0.855354,0,-0.372244,0.900337,-0.225448,0,-0.770107,-0.435192,-0.466414,0,-2.56697,-1.55792,-1.97927,1
-0.397148,0,0.917755,0,-0.458878,0.866025,-0.198574,0,-0.794799,-0.5,-0.34394,0,-2.04748,-1.31615,-1.43372,1
-0.248724,0,0.968574,0,-0.510395,0.849893,-0.131067,0,-0.823184,-0.526956,-0.211389,0,-1.55818,-1.02333,-0.951959,1
-0.0209429,0,0.999781,0,-0.435136,0.900319,-0.00911499,0,-0.900121,-0.435231,-0.0188553,0,-0.957783,-0.420171,-0.483586,1
0.114929,0,0.993374,0,-0.366521,0.929438,0.0424048,0,-0.92328,-0.368966,0.10682,0,-0.344709,0.0142597,-0.258505,1
0.218143,0,0.975917,0,-0.349737,0.93358,0.0781753,0,-0.911097,-0.358368,0.203654,0,0.375353,0.307723,-0.195258,1
0.166768,0,0.985996,0,-0.362969,0.929777,0.0613913,0,-0.916756,-0.368125,0.155057,0,1.03716,0.556304,-0.415548,1
0.033167,0,0.999442,0,-0.425541,0.904828,0.0141218,0,-0.904323,-0.425778,0.0300104,0,1.77784,0.749999,-0.75312,1
-0.125333,0,0.992115,0,-0.155201,0.987688,-0.0196065,0,-0.9799,-0.156435,-0.12379,0,2.60326,1.60831,-0.978399,1
-0.238533,0,0.971134,0,0.17197,0.984196,0.0422399,0,-0.955787,0.177082,-0.234764,0,3.44545,2.22228,-1.05011,1
-0.348498,0,0.937309,0,0.175634,0.982287,0.065302,0,-0.920707,0.187381,-0.342325,0,4.06993,2.13238,-1.09041,1
-0.774399,0,0.632496,0,0.105481,0.985996,0.129146,0,-0.623639,0.166769,-0.763554,0,5.39624,1.92616,-1.42326,1
-0.299389,0,-0.953241,0,-0.237061,0.968583,0.0744551,0,0.923293,0.24869,-0.289984,0,8.22262,1.87864,0.357335,1
0.435239,0,-0.900315,0,0.168702,0.982287,0.0815555,0,0.884368,-0.187381,0.427529,0,7.3043,0.967237,1.60564,1
0.299265,0,-0.954168,0,0.378941,0.917757,0.118851,0,0.875694,-0.397143,0.274653,0,6.71907,0.758488,1.07639,1
0.289038,0,-0.957318,0,0.452381,0.881304,0.136585,0,0.843688,-0.472551,0.25473,0,5.96894,0.936312,0.823602,1
0.238578,0,-0.971123,0,0.485562,0.866026,0.119289,0,0.841017,-0.5,0.206615,0,5.1993,1.32718,0.503573,1
0.0418798,0,-0.999123,0,0.228151,0.973579,0.00956329,0,0.972725,-0.228351,0.0407733,0,4.52022,2.31903,0.0279617,1
-0.0627877,0,-0.998027,0,-0.197267,0.980271,0.0124104,0,0.978337,0.197657,-0.0615489,0,3.53854,3.142,-0.163417,1
-0.0104683,0,-0.999945,0,-0.490877,0.871214,0.00513892,0,0.871166,0.490904,-0.00912011,0,2.62942,3.43649,-0.0407775,1
-0.000465038,0,-0.999997,0,-0.463483,0.886103,0.00021765,0,0.886101,0.463485,-0.000410946,0,1.78358,2.83899,-0.00636931,1
3.82668e-06,0,-1,0,-0.278991,0.960294,-1.06761e-06,0,0.960294,0.278991,3.67474e-06,0,1.08752,2.14877,-0.0113858,1
-0.0418722,0,-0.999123,0,-0.336373,0.941614,0.014097,0,0.940788,0.336668,-0.0394274,0,0.267088,2.01087,-0.062798,1
-0.0209388,0,-0.999781,0,-0.338664,0.940881,0.00709276,0,0.940674,0.338738,-0.0197009,0,-0.341474,1.79594,-0.00782415,1
-0.0209388,0,-0.999781,0,-0.338664,0.940881,0.00709276,0,0.940674,0.338738,-0.0197009,0,-1.00332,1.55761,0.00603696,1
0.0418798,0,-0.999123,0,-0.328578,0.944376,-0.0137729,0,0.943548,0.328867,0.0395503,0,-1.6454,1.30773,0.11988,1
0.0314146,0,-0.999506,0,-0.328704,0.944376,-0.0103312,0,0.94391,0.328867,0.0296672,0,-2.33928,1.06565,0.07272,1
0.0314146,0,-0.999506,0,-0.328704,0.944376,-0.0103312,0,0.94391,0.328867,0.0296672,0,-2.98077,0.842145,0.0525576,1
-9.13166e-05,0,-0.999999,0,-0.30902,0.951055,2.83026e-05,0,0.951055,0.30902,-8.68194e-05,0,-3.59438,0.589267,-0.000334991,1
0.0314146,0,-0.999507,0,-0.298893,0.95424,-0.00939425,0,0.95377,0.299041,0.0299771,0,-4.29033,0.349304,0.0435416,1
0.0104755,0,-0.999945,0,-0.299024,0.95424,-0.00313259,0,0.954188,0.299041,0.00999611,0,-4.93718,0.146249,-0.0132718,1
