1,0,0,0,0,1,0,0,0,0,1,0,0,0,0,1
1,0,0,0,0,1,0,0,0,0,1,0,0,0,-0.677581,1
1,0,0,0,0,1,0,0,0,0,1,0,0,0,-1.04368,1
1,0,0,0,0,1,0,0,0,0,1,0,0,0,-1.75854,1
1,0,0,0,0,1,0,0,0,0,1,0,0,0,-2.44666,1
1,0,0,0,0,1,0,0,0,0,1,0,0,0,-3.10389,1
0.876307,0,0.481754,0,0.00504482,0.999945,-0.0091765,0,-0.481727,0.0104718,0.876259,0,0,0,-3.44706,1
0.596225,0,0.802817,0,0.133823,0.986009,-0.0993858,0,-0.791585,0.166692,0.587883,0,0,0,-3.44706,1
0.238534,0,0.971134,0,0.394996,0.913546,-0.0970205,0,-0.887175,0.406737,0.217912,0,0,0,-3.44706,1
0.0524631,0,0.99862,0,0.453341,0.891018,-0.0238154,0,-0.889788,0.453968,0.0467462,0,0,0,-3.44706,1
-0.453876,0,0.891056,0,0.421052,0.881313,0.214473,0,-0.7853,0.472532,-0.400006,0,0,0,-3.44706,1
-0.975917,0,-0.218143,0,-0.0824233,0.92587,0.368741,0,0.201972,0.377841,-0.903573,0,0,0,-3.44706,1
-0.975917,0,-0.218143,0,-0.0824233,0.92587,0.368741,0,0.201972,0.377841,-0.903573,0,0,0,-3.44706,1
-0.975917,0,-0.218143,0,-0.0824233,0.92587,0.368741,0,0.201972,0.377841,-0.903573,0,0.14988,0.280388,-4.11758,1
-0.975917,0,-0.218143,0,-0.0824233,0.92587,0.368741,0,0.201972,0.377841,-0.903573,0,0.276747,0.517727,-4.68516,1
-0.975917,0,-0.218143,0,-0.0824233,0.92587,0.368741,0,0.201972,0.377841,-0.903573,0,0.410092,0.767182,-5.28171,1
-0.975917,0,-0.218143,0,-0.0824233,0.92587,0.368741,0,0.201972,0.377841,-0.903573,0,0.556227,1.04057,-5.93548,1
-0.975917,0,-0.218143,0,-0.0824233,0.92587,0.368741,0,0.201972,0.377841,-0.903573,0,0.694773,1.29975,-6.55531,1
-0.975917,0,-0.218143,0,-0.0824233,0.92587,0.368741,0,0.201972,0.377841,-0.903573,0,0.835614,1.56323,-7.1854,1
-0.975917,0,-0.218143,0,-0.0824233,0.92587,0.368741,0,0.201972,0.377841,-0.903573,0,0.978896,1.83127,-7.8264,1
-0.975917,0,-0.218143,0,-0.0824233,0.92587,0.368741,0,0.201972,0.377841,-0.903573,0,1.10585,2.06877,-8.39437,1
-0.975917,0,-0.218143,0,-0.0824233,0.92587,0.368741,0,0.201972,0.377841,-0.903573,0,1.25683,2.35122,-9.06984,1
-0.975917,0,-0.218143,0,-0.0824233,0.92587,0.368741,0,0.201972,0.377841,-0.903573,0,1.38085,2.58323,-9.62465,1
-0.975917,0,-0.218143,0,-0.0824233,0.92587,0.368741,0,0.201972,0.377841,-0.903573,0,1.52387,2.85079,-10.2645,1
-0.975917,0,-0.218143,0,-0.0824233,0.92587,0.368741,0,0.201972,0.377841,-0.903573,0,1.65446,3.0951,-10.8488,1
-0.975917,0,-0.218143,0,-0.0824233,0.92587,0.368741,0,0.201972,0.377841,-0.903573,0,1.80174,3.37062,-11.5077,1
-0.999507,0,-0.0314106,0,-0.00653063,0.978148,0.207809,0,0.0307242,0.207912,-0.977665,0,1.96879,3.68313,-12.255,1
-0.999507,0,-0.0314106,0,-0.00653063,0.978148,0.207809,0,0.0307242,0.207912,-0.977665,0,1.93072,3.4255,-11.0436,1
-0.999507,0,-0.0314106,0,-0.00653063,0.978148,0.207809,0,0.0307242,0.207912,-0.977665,0,2.09224,3.2808,-10.3574,1
-0.999507,0,-0.0314106,0,-0.00653063,0.978148,0.207809,0,0.0307242,0.207912,-0.977665,0,2.22973,3.15925,-9.78097,1
-0.999507,0,-0.0314106,0,-0.00653063,0.978148,0.207809,0,0.0307242,0.207912,-0.977665,0,2.36648,3.00911,-9.06998,1
-0.999507,0,-0.0314106,0,-0.00653063,0.978148,0.207809,0,0.0307242,0.207912,-0.977665,0,2.76693,2.85855,-8.34875,1
-0.999507,0,-0.0314106,0,-0.00653063,0.978148,0.207809,0,0.0307242,0.207912,-0.977665,0,3.01882,2.72085,-7.69266,1
-0.999507,0,-0.0314106,0,-0.00653063,0.978148,0.207809,0,0.0307242,0.207912,-0.977665,0,2.99765,2.57756,-7.01886,1
-0.933581,0,-0.358368,0,-0.0337254,0.995562,0.0878576,0,0.356777,0.0941083,-0.929437,0,2.98418,2.48649,-6.5906,1
-0.855384,0,-0.517993,0,-0.0810121,0.987694,0.133778,0,0.511619,0.156395,-0.844858,0,2.98418,2.48649,-6.5906,1
-0.790155,0,-0.612908,0,-0.146199,0.971134,0.188478,0,0.595216,0.238533,-0.767346,0,2.98418,2.48649,-6.5906,1
-0.714472,0,-0.699664,0,-0.230096,0.944376,0.234966,0,0.660746,0.328867,-0.67473,0,2.98418,2.48649,-6.5906,1
-0.661311,0,-0.750112,0,-0.297905,0.917755,0.262638,0,0.688419,0.397148,-0.606921,0,2.98418,2.48649,-6.5906,1
-0.621146,0,-0.783695,0,-0.341088,0.900319,0.270342,0,0.705575,0.435231,-0.559229,0,2.98418,2.48649,-6.5906,1
-0.621146,0,-0.783695,0,-0.341088,0.900319,0.270342,0,0.705575,0.435231,-0.559229,0,3.35665,2.48649,-6.12066,1
-0.621146,0,-0.783695,0,-0.341088,0.900319,0.270342,0,0.705575,0.435231,-0.559229,0,3.45543,2.48649,-5.99603,1
-0.621146,0,-0.783695,0,-0.341088,0.900319,0.270342,0,0.705575,0.435231,-0.559229,0,3.81139,2.48649,-5.54693,1
-0.621146,0,-0.783695,0,-0.341088,0.900319,0.270342,0,0.705575,0.435231,-0.559229,0,4.09475,2.48649,-5.1894,1
-0.621146,0,-0.783695,0,-0.341088,0.900319,0.270342,0,0.705575,0.435231,-0.559229,0,4.53056,2.48649,-4.63953,1
-0.621146,0,-0.783695,0,-0.341088,0.900319,0.270342,0,0.705575,0.435231,-0.559229,0,4.96856,2.48649,-4.08691,1
-0.621146,0,-0.783695,0,-0.341088,0.900319,0.270342,0,0.705575,0.435231,-0.559229,0,5.02578,2.35707,-3.58372,1
-0.621146,0,-0.783695,0,-0.341088,0.900319,0.270342,0,0.705575,0.435231,-0.559229,0,5.24167,2.30478,-3.13718,1
-0.621146,0,-0.783695,0,-0.341088,0.900319,0.270342,0,0.705575,0.435231,-0.559229,0,5.66855,2.30478,-2.59859,1
-0.621146,0,-0.783695,0,-0.341088,0.900319,0.270342,0,0.705575,0.435231,-0.559229,0,6.10054,2.30478,-2.05355,1
-0.621146,0,-0.783695,0,-0.341088,0.900319,0.270342,0,0.705575,0.435231,-0.559229,0,6.51175,2.30478,-1.53473,1
-0.453988,0,-0.891008,0,-0.248583,0.960294,0.126659,0,0.855629,0.278991,-0.435962,0,6.77209,2.30478,-1.20626,1
-0.453988,0,-0.891008,0,-0.248583,0.960294,0.126659,0,0.855629,0.278991,-0.435962,0,6.98425,2.30478,-0.789859,1
-0.453988,0,-0.891008,0,-0.248583,0.960294,0.126659,0,0.855629,0.278991,-0.435962,0,7.21325,2.30478,-0.340426,1
-0.453988,0,-0.891008,0,-0.248583,0.960294,0.126659,0,0.855629,0.278991,-0.435962,0,7.50627,2.30478,0.234686,1
-0.228348,0,-0.97358,0,-0.172406,0.984195,0.040437,0,0.958193,0.177085,-0.224739,0,7.68233,2.30478,0.580236,1
-0.228348,0,-0.97358,0,-0.172406,0.984195,0.040437,0,0.958193,0.177085,-0.224739,0,7.81918,2.30478,1.1637,1
-0.228348,0,-0.97358,0,-0.172406,0.984195,0.040437,0,0.958193,0.177085,-0.224739,0,7.94448,2.30478,1.69794,1
-0.228348,0,-0.97358,0,-0.172406,0.984195,0.040437,0,0.958193,0.177085,-0.224739,0,8.10487,2.30478,2.38174,1
-0.031407,0,-0.999507,0,-0.19756,0.980271,0.00620781,0,0.979787,0.197657,-0.0307873,0,8.18051,2.30478,2.70426,1
-0.031407,0,-0.999507,0,-0.19756,0.980271,0.00620781,0,0.979787,0.197657,-0.0307873,0,8.19906,2.30478,3.29488,1
0.0732414,0,-0.997314,0,-0.0521954,0.99863,-0.00383316,0,0.995947,0.0523359,0.0731411,0,8.21251,2.30478,3.72302,1
0.0732414,0,-0.997314,0,-0.0521954,0.99863,-0.00383316,0,0.995947,0.0523359,0.0731411,0,8.16958,2.30478,4.30726,1
0.0732414,0,-0.997314,0,-0.0521954,0.99863,-0.00383316,0,0.995947,0.0523359,0.0731411,0,8.11442,2.30478,5.05779,1
0.238537,0,-0.971134,0,-0.20191,0.978148,-0.0495946,0,0.949912,0.207912,0.233324,0,8.08255,2.30478,5.49157,1
0.238537,0,-0.971134,0,-0.20191,0.978148,-0.0495946,0,0.949912,0.207912,0.233324,0,7.91404,2.30478,6.17756,1
0.338742,0,-0.94088,0,0.0197043,0.999781,0.00709408,0,0.940673,-0.0209425,0.338667,0,7.91404,2.30478,6.17756,1
0.338742,0,-0.94088,0,0.0197043,0.999781,0.00709408,0,0.940673,-0.0209425,0.338667,0,7.71336,2.30478,6.73497,1
0.338742,0,-0.94088,0,0.0197043,0.999781,0.00709408,0,0.940673,-0.0209425,0.338667,0,7.45975,2.30478,7.43935,1
0.553395,0,-0.832919,0,0.0348791,0.999123,0.0231738,0,0.832189,-0.0418757,0.552909,0,6.83257,2.3289,7.53112,1
0.553395,0,-0.832919,0,0.0348791,0.999123,0.0231738,0,0.832189,-0.0418757,0.552909,0,6.31124,2.35513,7.18475,1
0.553395,0,-0.832919,0,0.0348791,0.999123,0.0231738,0,0.832189,-0.0418757,0.552909,0,5.7502,2.38336,6.812,1
0.553395,0,-0.832919,0,0.0348791,0.999123,0.0231738,0,0.832189,-0.0418757,0.552909,0,5.16774,2.41267,6.42501,1
0.553395,0,-0.832919,0,0.0348791,0.999123,0.0231738,0,0.832189,-0.0418757,0.552909,0,4.58509,2.44198,6.03791,1
0.553395,0,-0.832919,0,0.0348791,0.999123,0.0231738,0,0.832189,-0.0418757,0.552909,0,4.01145,2.47084,5.65678,1
0.553395,0,-0.832919,0,0.0348791,0.999123,0.0231738,0,0.832189,-0.0418757,0.552909,0,3.45976,2.4986,5.29025,1
0.553395,0,-0.832919,0,0.0348791,0.999123,0.0231738,0,0.832189,-0.0418757,0.552909,0,2.85685,2.52894,4.88967,1
0.553395,0,-0.832919,0,0.0348791,0.999123,0.0231738,0,0.832189,-0.0418757,0.552909,0,2.30333,2.55679,4.52192,1
0.553395,0,-0.832919,0,0.0348791,0.999123,0.0231738,0,0.832189,-0.0418757,0.552909,0,1.73827,2.58522,4.1465,1
0.553395,0,-0.832919,0,0.0348791,0.999123,0.0231738,0,0.832189,-0.0418757,0.552909,0,1.52348,2.59603,4.00379,1
0.653424,0,-0.756992,0,0.11842,0.987688,0.102218,0,0.747672,-0.156435,0.64538,0,1.52348,2.59603,4.00379,1
0.692147,0,-0.721757,0,0.194095,0.963163,0.186132,0,0.695169,-0.26892,0.66665,0,1.52348,2.59603,4.00379,1
0.70711,0,-0.707103,0,0.314403,0.895712,0.314406,0,0.633361,-0.444635,0.633367,0,1.52348,2.59603,4.00379,1
0.750115,0,-0.661307,0,0.388701,0.809023,0.4409,0,0.535013,-0.587777,0.60686,0,1.52348,2.59603,4.00379,1
0.821153,0,-0.570709,0,0.399304,0.714473,0.57453,0,0.407756,-0.699663,0.586691,0,1.52348,2.59603,4.00379,1
0.770517,0,-0.637419,0,0.2714,0.904827,0.32807,0,0.576754,-0.425779,0.697184,0,1.52348,2.59603,4.00379,1
0.728973,0,-0.684543,0,0.1,0.989272,0.106491,0,0.677199,-0.146083,0.721153,0,1.52348,2.59603,4.00379,1
0.67688,0,-0.736093,0,-0.0539101,0.997315,-0.0495734,0,0.734117,0.0732381,0.675062,0,1.52348,2.59603,4.00379,1
0.692147,0,-0.721757,0,-0.112908,0.987688,-0.108276,0,0.712871,0.156434,0.683626,0,1.52348,2.59603,4.00379,1
0.721765,0,-0.692139,0,-0.261518,0.925871,-0.272712,0,0.640831,0.377841,0.668261,0,1.52348,2.59603,4.00379,1
0.728973,0,-0.684543,0,-0.342271,0.866026,-0.364486,0,0.592831,0.5,0.631309,0,1.52348,2.59603,4.00379,1
0.770517,0,-0.637419,0,-0.436339,0.728974,-0.527451,0,0.464662,0.684541,0.561687,0,1.52348,2.59603,4.00379,1
0.770517,0,-0.637419,0,-0.499541,0.621148,-0.603849,0,0.395932,0.783693,0.478605,0,1.52348,2.59603,4.00379,1
0.770517,0,-0.637419,0,-0.499541,0.621148,-0.603849,0,0.395932,0.783693,0.478605,0,1.52348,2.59603,4.00379,1
0.77715,0,-0.629315,0,-0.501268,0.604599,-0.619023,0,0.380484,0.79653,0.469865,0,0.968527,2.59603,4.45318,1
0.77715,0,-0.629315,0,-0.501268,0.604599,-0.619023,0,0.380484,0.79653,0.469865,0,0.697633,2.59603,4.67254,1
0.77715,0,-0.629315,0,-0.501268,0.604599,-0.619023,0,0.380484,0.79653,0.469865,0,0.0404826,2.59603,5.20468,1
0.77715,0,-0.629315,0,-0.501268,0.604599,-0.619023,0,0.380484,0.79653,0.469865,0,-0.497705,2.59603,5.64049,1
0.937285,0,-0.348563,0,-0.210741,0.79653,-0.566682,0,0.277641,0.604599,0.746576,0,-0.763245,2.59603,5.85551,1
0.963165,0,-0.26891,0,-0.136887,0.860742,-0.490291,0,0.231462,0.509042,0.829037,0,-0.763245,2.59603,5.85551,1
0.998027,0,-0.0627799,0,-0.0279142,0.895712,-0.443758,0,0.0562327,0.444635,0.893945,0,-0.763245,2.59603,5.85551,1
0.992114,0,0.125344,0,0.0557323,0.895712,-0.441128,0,-0.112272,0.444635,0.888648,0,-0.763245,2.59603,5.85551,1
0.921859,0,0.387525,0,0.175933,0.891007,-0.418515,0,-0.345287,0.453991,0.821383,0,-0.763245,2.59603,5.85551,1
0.827075,0,0.562092,0,0.301184,0.844328,-0.443169,0,-0.47459,0.535827,0.698323,0,-0.763245,2.59603,5.85551,1
0.756988,0,0.653429,0,0.395063,0.79653,-0.457674,0,-0.520476,0.604599,0.602964,0,-0.763245,2.59603,5.85551,1
0.750104,0,0.66132,0,0.457728,0.721761,-0.519179,0,-0.477315,0.692143,0.541395,0,-0.763245,2.59603,5.85551,1
0.832916,0,0.5534,0,0.391313,0.707107,-0.58896,0,-0.391313,0.707107,0.58896,0,-0.763245,2.59603,5.85551,1
0.876302,0,0.481763,0,0.340658,0.707107,-0.619639,0,-0.340658,0.707107,0.619639,0,-0.763245,2.59603,5.85551,1
0.925867,0,0.37785,0,0.249877,0.750111,-0.612287,0,-0.28343,0.661312,0.694503,0,-0.763245,2.59603,5.85551,1
0.960291,0,0.279,0,0.147021,0.849893,-0.506031,0,-0.23712,0.526956,0.816144,0,-0.763245,2.59603,5.85551,1
0.982285,0,0.18739,0,0.0689831,0.929776,-0.361604,0,-0.174231,0.368125,0.913306,0,-0.763245,2.59603,5.85551,1
0.997314,0,0.0732468,0,0.00918026,0.992115,-0.124997,0,-0.0726692,0.125333,0.98945,0,-0.763245,2.59603,5.85551,1
0.999123,0,0.0418838,0,-0.00175391,0.999123,0.0418389,0,-0.0418471,-0.0418756,0.998246,0,-0.763245,2.59603,5.85551,1
0.999506,0,0.0314191,0,-0.0062102,0.980271,0.19756,0,-0.0307992,-0.197657,0.979787,0,-0.763245,2.59603,5.85551,1
0.999946,0,-0.0104638,0,0.00425602,0.913546,0.406714,0,0.00955918,-0.406737,0.913496,0,-0.763245,2.59603,5.85551,1
0.993375,0,0.114914,0,-0.0478365,0.909236,0.413523,0,-0.104484,-0.416281,0.903213,0,-0.763245,2.59603,5.85551,1
0.993372,0,0.114946,0,-0.0320688,0.960294,0.277142,0,-0.110381,-0.278991,0.953928,0,-0.763245,2.59603,5.85551,1
0.982286,0,0.18739,0,0.0579054,0.951059,-0.303535,0,-0.178219,0.309009,0.934211,0,-0.763245,2.59603,5.85551,1
0.982286,0,0.18739,0,0.0885515,0.881304,-0.46418,0,-0.165148,0.472551,0.865692,0,-0.763245,2.59603,5.85551,1
0.980269,0,0.197667,0,0.104162,0.849893,-0.516559,0,-0.167996,0.526956,0.833124,0,-0.992248,3.31198,6.99422,1
0.980269,0,0.197667,0,0.104162,0.849893,-0.516559,0,-0.167996,0.526956,0.833124,0,-1.05643,3.51332,7.31254,1
0.980269,0,0.197667,0,0.104162,0.849893,-0.516559,0,-0.167996,0.526956,0.833124,0,-1.25269,4.12892,8.2858,1
0.980269,0,0.197667,0,0.104162,0.849893,-0.516559,0,-0.167996,0.526956,0.833124,0,-1.48024,4.84267,9.41426,1
0.980269,0,0.197667,0,0.104162,0.849893,-0.516559,0,-0.167996,0.526956,0.833124,0,-1.63632,5.33223,10.1883,1
0.980269,0,0.197667,0,0.104162,0.849893,-0.516559,0,-0.167996,0.526956,0.833124,0,-1.80924,5.87462,11.0458,1
0.980269,0,0.197667,0,0.104162,0.849893,-0.516559,0,-0.167996,0.526956,0.833124,0,-1.96711,6.36979,11.8287,1
0.980269,0,0.197667,0,0.104162,0.849893,-0.516559,0,-0.167996,0.526956,0.833124,0,-2.13742,6.90401,12.6733,1
0.980269,0,0.197667,0,0.104162,0.849893,-0.516559,0,-0.167996,0.526956,0.833124,0,-2.29357,7.39378,13.4477,1
0.980269,0,0.197667,0,0.104162,0.849893,-0.516559,0,-0.167996,0.526956,0.833124,0,-2.46932,7.94507,14.3193,1
0.980269,0,0.197667,0,0.104162,0.849893,-0.516559,0,-0.167996,0.526956,0.833124,0,-2.64598,8.49918,15.1953,1
0.980269,0,0.197667,0,0.104162,0.849893,-0.516559,0,-0.167996,0.526956,0.833124,0,-2.81866,9.04084,16.0517,1
0.980269,0,0.197667,0,0.104162,0.849893,-0.516559,0,-0.167996,0.526956,0.833124,0,-2.97384,9.52762,16.8213,1
0.980269,0,0.197667,0,0.104162,0.849893,-0.516559,0,-0.167996,0.526956,0.833124,0,-3.12705,10.0082,17.581,1
0.980269,0,0.197667,0,0.104162,0.849893,-0.516559,0,-0.167996,0.526956,0.833124,0,-3.28114,10.4915,18.3452,1
0.980269,0,0.197667,0,0.104162,0.849893,-0.516559,0,-0.167996,0.526956,0.833124,0,-3.43617,10.9778,19.114,1
0.980269,0,0.197667,0,0.104162,0.849893,-0.516559,0,-0.167996,0.526956,0.833124,0,-3.56801,11.3914,19.7679,1
0.980269,0,0.197667,0,0.104162,0.849893,-0.516559,0,-0.167996,0.526956,0.833124,0,-3.6985,11.8007,20.415,1
0.980269,0,0.197667,0,0.104162,0.849893,-0.516559,0,-0.167996,0.526956,0.833124,0,-3.82841,12.2082,21.0592,1
0.980269,0,0.197667,0,0.104162,0.849893,-0.516559,0,-0.167996,0.526956,0.833124,0,-3.97211,12.6589,21.7719,1
0.980269,0,0.197667,0,0.104162,0.849893,-0.516559,0,-0.167996,0.526956,0.833124,0,-4.13565,13.1719,22.583,1
0.980269,0,0.197667,0,0.104162,0.849893,-0.516559,0,-0.167996,0.526956,0.833124,0,-4.27037,13.5944,23.251,1
0.980269,0,0.197667,0,0.104162,0.849893,-0.516559,0,-0.167996,0.526956,0.833124,0,-4.21326,13.4153,22.9678,1
0.980269,0,0.197667,0,0.104162,0.849893,-0.516559,0,-0.167996,0.526956,0.833124,0,-3.96252,12.6288,21.7244,1
0.980269,0,0.197667,0,0.104162,0.849893,-0.516559,0,-0.167996,0.526956,0.833124,0,-3.83931,12.2424,21.1134,1
0.973705,0,0.227799,0,0.12004,0.849893,-0.5131,0,-0.193605,0.526956,0.827545,0,-3.70734,11.8362,20.4718,1
0.968581,0,0.248699,0,0.131054,0.849893,-0.5104,0,-0.211368,0.526956,0.82319,0,-3.53375,11.4025,19.7941,1
0.968581,0,0.248699,0,0.131054,0.849893,-0.5104,0,-0.211368,0.526956,0.82319,0,-3.68064,10.9793,19.0517,1
0.895707,0,0.444644,0,0.246062,0.832921,-0.495677,0,-0.370354,0.553392,0.746054,0,-4.16857,10.4958,18.0122,1
0.900314,0,0.43524,0,0.229353,0.849892,-0.474427,0,-0.369907,0.526957,0.76517,0,-4.59426,10.0565,17.0519,1
0.871209,0,0.490913,0,0.245457,0.866025,-0.435605,0,-0.425143,0.5,0.754489,0,-5.01419,9.61254,15.9762,1
0.871209,0,0.490913,0,0.25869,0.849893,-0.459089,0,-0.417224,0.526956,0.740434,0,-5.44447,9.12043,14.7945,1
0.871209,0,0.490913,0,0.284377,0.815128,-0.504675,0,-0.400157,0.579281,0.710147,0,-5.816,8.67209,13.8267,1
0.809011,0,0.587794,0,0.309742,0.849893,-0.426313,0,-0.499562,0.526956,0.687572,0,-6.18456,8.124,12.5983,1
0.783687,0,0.621157,0,0.293528,0.881303,-0.370332,0,-0.547428,0.472551,0.690665,0,-6.42578,7.6727,11.4146,1
0.736089,0,0.676885,0,0.262304,0.921863,-0.285246,0,-0.623995,0.387516,0.678573,0,-6.54662,7.34242,10.3365,1
0.728961,0,0.684556,0,0.396497,0.815182,-0.422216,0,-0.558038,0.579203,0.594235,0,-6.68348,6.85767,8.87216,1
0.714464,0,0.699672,0,0.473591,0.736097,-0.483603,0,-0.515027,0.676876,0.525915,0,-6.82262,6.38773,7.941,1
0.621137,0,0.783702,0,0.638789,0.579332,-0.506283,0,-0.454024,0.815091,0.359844,0,-6.95634,5.74698,6.91509,1
0.57927,0,0.815136,0,0.678944,0.553392,-0.482486,0,-0.451089,0.832921,0.320563,0,-7.12315,4.83542,5.6624,1
0.368112,0,0.929781,0,0.746445,0.596225,-0.295527,0,-0.554359,0.802818,0.219478,0,-6.80409,3.95197,4.96415,1
0.499988,0,0.866032,0,0.66729,0.637424,-0.385247,0,-0.55203,0.770513,0.318704,0,-6.28448,3.20959,4.722,1
0.50903,0,0.860749,0,0.651583,0.653421,-0.385333,0,-0.562431,0.756995,0.332611,0,-5.83861,2.59361,4.4625,1
0.50903,0,0.860749,0,0.633595,0.676876,-0.374695,0,-0.58262,0.736097,0.34455,0,-5.04597,1.58472,3.99375,1
0.50903,0,0.860749,0,0.633595,0.676876,-0.374695,0,-0.58262,0.736097,0.34455,0,-4.40747,0.778034,3.61616,1
0.50903,0,0.860749,0,0.633595,0.676876,-0.374695,0,-0.58262,0.736097,0.34455,0,-3.76952,-0.0279668,3.23889,1
0.481742,0,0.876313,0,0.565623,0.763796,-0.310944,0,-0.669325,0.645458,0.367952,0,-3.08445,-0.774172,2.84862,1
0.358355,0,0.933585,0,0.646175,0.721761,-0.248033,0,-0.673825,0.692143,0.258646,0,-2.13867,-1.70553,2.38533,1
0.348559,0,0.937287,0,0.648737,0.721761,-0.241253,0,-0.676496,0.692143,0.251576,0,-1.35126,-2.51396,2.08422,1
0.368112,0,0.929782,0,0.360305,0.921863,-0.142649,0,-0.857131,0.387516,0.339349,0,-0.409342,-3.2278,1.72735,1
0.463281,0,0.886212,0,-0.00928024,0.999945,0.00485139,0,-0.886163,-0.0104718,0.463256,0,0.43948,-3.43356,1.34162,1
0.721752,0,0.692152,0,-0.389047,0.827081,0.405685,0,-0.572465,-0.562083,0.596947,0,1.07551,-3.16459,0.874243,1
0.886198,0,0.463307,0,-0.408314,0.472551,0.781009,0,-0.218936,-0.881303,0.418774,0,1.47215,-2.46127,0.356542,1
0.944372,0,0.328878,0,-0.314842,0.289032,0.904066,0,-0.0950564,-0.957319,0.272954,0,1.63986,-1.51104,-0.00779046,1
0.968578,0,0.24871,0,-0.239548,0.26892,0.932898,0,-0.0668831,-0.963162,0.26047,0,1.71276,-0.666198,-0.239383,1
0.940886,0,-0.338724,0,0.310866,0.397148,0.863502,0,0.134523,-0.917755,0.373671,0,1.69394,0.228494,-0.53318,1
0.860751,0,-0.509025,0,0.44347,0.490901,0.7499,0,0.249881,-0.871215,0.422544,0,1.55027,1.01215,-0.872927,1
0.65343,0,-0.756988,0,0.62609,0.562083,0.540439,0,0.42549,-0.827081,0.367282,0,1.24456,1.7343,-1.2095,1
0.238546,0,-0.971131,0,0.767345,0.612907,0.188488,0,0.595213,-0.790155,0.146206,0,0.828225,2.42518,-1.45613,1
-0.904822,0,-0.425789,0,0.0445072,0.994522,-0.09458,0,0.423457,-0.104529,-0.899866,0,0.455698,2.91972,-1.54764,1
-0.904822,0,-0.425789,0,0.0445072,0.994522,-0.09458,0,0.423457,-0.104529,-0.899866,0,0.22532,2.97659,-1.05807,1
-0.996494,0,0.0836673,0,-0.00874563,0.994522,-0.104162,0,-0.0832089,-0.104529,-0.991035,0,-0.08326,3.09605,0.0096298,1
-0.985995,0,-0.166779,0,0.0174332,0.994522,-0.103065,0,0.165866,-0.104529,-0.980593,0,-0.111799,3.23541,1.32642,1
-0.876301,0,-0.481763,0,0.0503581,0.994522,-0.0915987,0,0.479124,-0.104529,-0.871501,0,-0.376672,3.33965,2.2727,1
-0.860737,0,-0.509051,0,0.0532105,0.994522,-0.0899717,0,0.506262,-0.104529,-0.856021,0,-0.906065,3.4533,3.21541,1
-0.0732271,0,-0.997315,0,-0.166321,0.985996,0.012212,0,0.983349,0.166768,-0.0722017,0,-1.16928,3.50764,3.66048,1
0.999122,0,0.0418881,0,-0.000877251,0.999781,0.0209244,0,-0.0418789,-0.0209427,0.998903,0,-1.16928,3.50764,3.66048,1
0.881297,0,0.472563,0,0.0296723,0.998027,-0.0553368,0,-0.47163,0.0627902,0.879558,0,-1.16928,3.50764,3.66048,1
0.881297,0,0.472563,0,0.0296723,0.998027,-0.0553368,0,-0.47163,0.0627902,0.879558,0,-1.92817,3.60868,5.07575,1
0.881297,0,0.472563,0,0.0296723,0.998027,-0.0553368,0,-0.47163,0.0627902,0.879558,0,-2.33087,3.66229,5.82677,1
0.881297,0,0.472563,0,0.0296723,0.998027,-0.0553368,0,-0.47163,0.0627902,0.879558,0,-2.90432,3.73864,6.89622,1
0.881297,0,0.472563,0,0.0296723,0.998027,-0.0553368,0,-0.47163,0.0627902,0.879558,0,-3.58053,3.82866,8.15732,1
0.881297,0,0.472563,0,0.0296723,0.998027,-0.0553368,0,-0.47163,0.0627902,0.879558,0,-3.73105,3.88899,9.16463,1
0.881297,0,0.472563,0,0.0296723,0.998027,-0.0553368,0,-0.47163,0.0627902,0.879558,0,-3.47337,3.91663,9.80146,1
0.881297,0,0.472563,0,0.0296723,0.998027,-0.0553368,0,-0.47163,0.0627902,0.879558,0,-3.94198,3.97902,10.6754,1
0.881297,0,0.472563,0,0.0296723,0.998027,-0.0553368,0,-0.47163,0.0627902,0.879558,0,-4.4543,4.04722,11.6309,1
0.891001,0,0.454002,0,0.144808,0.947768,-0.284193,0,-0.430289,0.318959,0.844462,0,-4.64116,4.07209,11.9794,1
0.891001,0,0.454002,0,0.144808,0.947768,-0.284193,0,-0.430289,0.318959,0.844462,0,-4.227,3.7651,11.1666,1
0.891001,0,0.454002,0,0.144808,0.947768,-0.284193,0,-0.430289,0.318959,0.844462,0,-3.76749,3.42449,10.2648,1
0.933576,0,0.35838,0,0.110745,0.951056,-0.28849,0,-0.34084,0.309017,0.887883,0,-3.28155,3.04299,9.22114,1
0.933576,0,0.35838,0,0.110745,0.951056,-0.28849,0,-0.34084,0.309017,0.887883,0,-2.91334,2.70916,8.26197,1
0.933576,0,0.35838,0,0.110745,0.951056,-0.28849,0,-0.34084,0.309017,0.887883,0,-2.36766,2.21442,6.84048,1
0.984193,0,0.177097,0,0.054726,0.951056,-0.304132,0,-0.16843,0.309017,0.936024,0,-1.96989,1.7531,5.48319,1
0.973576,0,0.228364,0,0.0705683,0.951056,-0.300851,0,-0.217187,0.309017,0.925926,0,-1.72782,1.37135,4.33384,1
0.973576,0,0.228364,0,0.0614115,0.963163,-0.261814,0,-0.219952,0.26892,0.937712,0,-1.31826,0.811182,2.58776,1
0.809009,0,0.587797,0,0.16399,0.960294,-0.225706,0,-0.564457,0.278991,0.776886,0,-0.732565,0.347046,1.0983,1
0.736087,0,0.676887,0,0.182028,0.963163,-0.197948,0,-0.651952,0.26892,0.708972,0,-0.00129818,0.0255671,0.237164,1
0.707097,0,0.707117,0,0.110617,0.987688,-0.110614,0,-0.698411,0.156434,0.698391,0,0.716272,-0.201614,-0.497088,1
0.692132,0,0.721771,0,-0.373884,0.855374,0.358531,0,-0.617384,-0.51801,0.592032,0,1.5952,-0.0923195,-1.33198,1
0.0836971,0,-0.996491,0,-0.577245,0.81513,-0.0484838,0,0.81227,0.579277,0.068224,0,1.6707,0.779329,-2.69506,1
-0.838663,0,-0.544651,0,-0.0908306,0.985996,0.139863,0,0.537024,0.166769,-0.826918,0,0.987878,0.313094,-2.63529,1
-0.832914,0,-0.553403,0,-0.0405301,0.997314,0.0610009,0,0.551917,0.073238,-0.830677,0,0.987878,0.313094,-2.63529,1
-0.832914,0,-0.553403,0,-0.0405301,0.997314,0.0610009,0,0.551917,0.073238,-0.830677,0,0.514042,0.250217,-1.92213,1
-0.832914,0,-0.553403,0,-0.0405301,0.997314,0.0610009,0,0.551917,0.073238,-0.830677,0,0.131143,0.199408,-1.34584,1
-0.832914,0,-0.553403,0,-0.0405301,0.997314,0.0610009,0,0.551917,0.073238,-0.830677,0,-0.439428,0.123695,-0.487086,1
-0.832914,0,-0.553403,0,-0.0405301,0.997314,0.0610009,0,0.551917,0.073238,-0.830677,0,-1.07597,0.039227,0.470961,1
-0.832914,0,-0.553403,0,-0.0405301,0.997314,0.0610009,0,0.551917,0.073238,-0.830677,0,-1.36702,0.0445786,0.190088,1
-0.832914,0,-0.553403,0,-0.0405301,0.997314,0.0610009,0,0.551917,0.073238,-0.830677,0,-1.41743,0.110217,-0.916533,1
-0.900312,0,-0.435245,0,-0.0680868,0.987688,0.140839,0,0.429886,0.156434,-0.889228,0,-1.41743,0.110217,-0.916533,1
-0.982284,0,-0.187398,0,-0.076221,0.913547,0.399527,0,0.171197,0.406733,-0.897363,0,-1.41743,0.110217,-0.916533,1
-0.999122,0,-0.0418882,0,-0.0242651,0.815128,0.578772,0,0.0341443,0.579281,-0.814413,0,-1.41743,0.110217,-0.916533,1
-0.91776,0,0.397137,0,0.176581,0.895712,0.408068,0,-0.35572,0.444635,-0.822048,0,-1.41743,0.110217,-0.916533,1
-0.684556,0,0.72896,0,0.246926,0.940881,0.231885,0,-0.685865,0.338738,-0.644086,0,-1.41743,0.110217,-0.916533,1
-0.299052,0,0.954237,0,0.237309,0.968583,0.0743712,0,-0.924258,0.24869,-0.289657,0,-1.41743,0.110217,-0.916533,1
-0.299052,0,0.954237,0,0.237309,0.968583,0.0743712,0,-0.924258,0.24869,-0.289657,0,-2.02847,0.274628,-1.10803,1
-0.299052,0,0.954237,0,0.237309,0.968583,0.0743712,0,-0.924258,0.24869,-0.289657,0,-3.19381,0.600457,-1.63306,1
-0.299052,0,0.954237,0,0.237309,0.968583,0.0743712,0,-0.924258,0.24869,-0.289657,0,-4.05097,0.874283,-2.46419,1
-0.299052,0,0.954237,0,0.237309,0.968583,0.0743712,0,-0.924258,0.24869,-0.289657,0,-4.95749,1.1182,-2.74828,1
-0.299052,0,0.954237,0,0.237309,0.968583,0.0743712,0,-0.924258,0.24869,-0.289657,0,-6.1072,1.42755,-3.10859,1
-0.299052,0,0.954237,0,0.237309,0.968583,0.0743712,0,-0.924258,0.24869,-0.289657,0,-7.27213,1.74101,-3.47367,1
-0.299052,0,0.954237,0,0.237309,0.968583,0.0743712,0,-0.924258,0.24869,-0.289657,0,-8.40996,2.04717,-3.83026,1
-0.299052,0,0.954237,0,0.237309,0.968583,0.0743712,0,-0.924258,0.24869,-0.289657,0,-9.53822,2.35076,-4.18388,1
-0.299052,0,0.954237,0,0.237309,0.968583,0.0743712,0,-0.924258,0.24869,-0.289657,0,-10.4502,2.56478,-4.06114,1
-0.238545,0,0.971131,0,0.211845,0.975917,0.0520369,0,-0.947743,0.218143,-0.2328,0,-10.5281,2.56478,-3.81246,1
-0.238545,0,0.971131,0,0.211845,0.975917,0.0520369,0,-0.947743,0.218143,-0.2328,0,-10.6903,2.56478,-3.15245,1
-0.114949,0,0.993371,0,0.247041,0.968583,0.0285867,0,-0.962163,0.24869,-0.111338,0,-10.8538,2.56478,-2.22082,1
0.114925,0,0.993374,0,0.287116,0.95732,-0.0332169,0,-0.950977,0.289031,0.11002,0,-10.8402,2.56478,-0.956857,1
0.258807,0,0.965929,0,0.210711,0.975917,-0.056457,0,-0.942666,0.218143,0.252574,0,-10.4188,2.56478,0.983024,1
0.258807,0,0.965929,0,0.210711,0.975917,-0.056457,0,-0.942666,0.218143,0.252574,0,-10.1882,2.56478,1.84374,1
0.278979,0,0.960297,0,0.209482,0.975917,-0.0608573,0,-0.93717,0.218143,0.272261,0,-9.91221,2.56478,2.81642,1
0.368113,0,0.929781,0,0.0971884,0.994522,-0.0384782,0,-0.924688,0.104528,0.366096,0,-9.51858,2.56478,4.01222,1
0.387504,0,0.921868,0,0.0963612,0.994522,-0.0405051,0,-0.916818,0.104528,0.385381,0,-9.18241,2.56478,4.84935,1
0.570703,0,0.821157,0,0.170728,0.978148,-0.118656,0,-0.803212,0.207911,0.558232,0,-8.71528,2.56478,5.73438,1
0.570703,0,0.821157,0,0.170728,0.978148,-0.118656,0,-0.803212,0.207911,0.558232,0,-8.17532,2.56478,6.51132,1
0.714464,0,0.699673,0,0.166895,0.971134,-0.170423,0,-0.679476,0.238533,0.69384,0,-7.42708,2.56478,7.42466,1
0.796522,0,0.604609,0,0.10083,0.985996,-0.132835,0,-0.596142,0.166769,0.785368,0,-6.62542,2.56478,8.10184,1
0.860735,0,0.509053,0,0.0213168,0.999123,-0.0360436,0,-0.508606,0.0418754,0.859981,0,-5.58352,2.56478,8.81361,1
0.937278,0,0.348584,0,0.0328046,0.995562,-0.0882053,0,-0.347037,0.094108,0.933118,0,-4.80449,2.56478,9.19506,1
0.973576,0,0.228363,0,0.0357238,0.987688,-0.152301,0,-0.225552,0.156434,0.96159,0,-3.98657,2.56478,9.44398,1
0.98927,0,0.146096,0,0.0258713,0.984196,-0.175184,0,-0.143787,0.177084,0.973636,0,-2.96203,2.56478,9.65275,1
0.99978,0,0.0209551,0,0.00435681,0.978148,-0.207866,0,-0.0204972,0.207911,0.977933,0,-1.80809,2.56478,9.76813,1
0.98229,0,-0.187369,0,-0.0446937,0.971134,-0.234309,0,0.18196,0.238533,0.953935,0,-0.495008,2.56478,9.672,1
0.985998,0,-0.166756,0,-0.0397769,0.971134,-0.235193,0,0.161943,0.238533,0.957537,0,0.574088,2.56478,9.47692,1
0.999123,0,-0.041863,0,-0.00870379,0.978148,-0.207729,0,0.0409482,0.207912,0.97729,0,0.91372,2.56478,9.41947,1
0.999123,0,-0.041863,0,-0.00870379,0.978148,-0.207729,0,0.0409482,0.207912,0.97729,0,0.889235,2.44046,8.83509,1
0.999123,0,-0.041863,0,-0.00870379,0.978148,-0.207729,0,0.0409482,0.207912,0.97729,0,0.848374,2.23299,7.85985,1
0.996494,0,-0.0836652,0,-0.019105,0.973579,-0.22755,0,0.0814547,0.228351,0.970166,0,0.815764,2.06742,7.08157,1
0.995563,0,-0.0940957,0,-0.0224449,0.971134,-0.237475,0,0.0913795,0.238533,0.966826,0,0.740966,1.87217,6.29019,1
0.99075,0,-0.135703,0,-0.0459677,0.940881,-0.335604,0,0.12768,0.338738,0.932177,0,0.545237,1.38168,4.93489,1
0.99075,0,-0.135703,0,-0.033748,0.968583,-0.246389,0,0.13144,0.24869,0.959623,0,0.395147,1.02759,3.8391,1
0.989275,0,-0.14607,0,-0.0348427,0.971134,-0.235975,0,0.141854,0.238533,0.960718,0,0.263803,0.794692,2.91935,1
0.987691,0,-0.156422,0,-0.0373118,0.971134,-0.235597,0,0.151907,0.238533,0.95918,0,0.0917144,0.519199,1.81103,1
0.987691,0,-0.156422,0,-0.0373118,0.971134,-0.235597,0,0.151907,0.238533,0.95918,0,-0.0482979,0.299343,0.926956,1
0.992116,0,-0.125325,0,-0.0273391,0.975916,-0.216426,0,0.122306,0.218146,0.968222,0,-0.172086,0.107512,0.131211,1
0.999123,0,0.0418748,0,0.00655065,0.987687,-0.156304,0,-0.0413592,0.156441,0.986821,0,-0.209922,-0.0583264,-0.728114,1
0.973576,0,0.228363,0,-0.00478252,0.999781,0.0203892,0,-0.228313,-0.0209426,0.973363,0,-0.0745476,-0.116122,-1.56917,1
0.973576,0,0.228363,0,-0.0071731,0.999507,0.0305809,0,-0.228251,-0.0314109,0.973096,0,0.105039,-0.0915128,-2.33479,1
0.973576,0,0.228363,0,-0.03336,0.989272,0.142223,0,-0.225913,-0.146083,0.963132,0,0.329264,0.0169848,-3.29072,1
0.973576,0,0.228363,0,-0.0404397,0.984196,0.172406,0,-0.224754,-0.177085,0.958189,0,0.724531,0.324699,-4.97586,1
0.973576,0,0.228363,0,-0.0404397,0.984196,0.172406,0,-0.224754,-0.177085,0.958189,0,0.827587,0.405897,-5.41522,1
0.91775,0,0.39716,0,-0.0825742,0.978148,0.190811,0,-0.388481,-0.207912,0.897695,0,1.05029,0.554251,-6.15774,1
-0.00502481,0,0.999862,0,-0.0227362,0.999728,-3.30724e-05,0,-0.99959,-0.0227414,-0.00502606,0,1.69872,0.69163,-6.69261,1
-0.509052,0,0.860736,0,0.0630386,0.997315,0.0372819,0,-0.858424,0.073238,-0.507685,0,2.27255,0.670137,-6.51082,1
-0.777154,0,0.629311,0,0.0592232,0.995562,0.0731364,0,-0.626518,0.0941081,-0.773705,0,2.83478,0.610163,-6.03721,1
-0.86597,0,0.500092,0,0.0522735,0.994522,0.090518,0,-0.497353,0.104528,-0.861226,0,3.19872,0.552563,-5.56134,1
-0.909241,0,0.41627,0,0.0564942,0.990748,0.123398,0,-0.412418,0.135715,-0.900829,0,3.41618,0.48512,-5.10061,1
-0.965929,0,0.258807,0,0.0378073,0.989272,0.141106,0,-0.256031,0.146083,-0.955567,0,3.6269,0.378061,-4.38805,1
-0.838664,0,-0.54465,0,-0.0285047,0.99863,0.0438921,0,0.543903,0.0523358,-0.837514,0,3.71754,0.32498,-4.04481,1
